[gd_scene load_steps=9 format=3 uid="uid://bqiqs0rgjs422"]

[ext_resource type="Script" path="res://scripts/car_scene.gd" id="1_q3vln"]
[ext_resource type="Script" path="res://scripts/camera_pp.gd" id="2_4eduu"]
[ext_resource type="PackedScene" uid="uid://y5hg7l0qatxk" path="res://scenes/car.tscn" id="4_k84uo"]
[ext_resource type="Sky" uid="uid://bdj1r2y2bb344" path="res://environment/sky_early.tres" id="5_wh4xp"]

[sub_resource type="Environment" id="Environment_m3j2a"]
background_mode = 2
background_energy_multiplier = 0.27
sky = ExtResource("5_wh4xp")
ssr_max_steps = 296
ssr_fade_in = 0.152868
ssr_fade_out = 0.0717937
glow_enabled = true

[sub_resource type="BoxMesh" id="BoxMesh_jpepo"]
size = Vector3(20, 20, 20)

[sub_resource type="BoxMesh" id="BoxMesh_wk18o"]
size = Vector3(100, 20, 100)

[sub_resource type="StandardMaterial3D" id="StandardMaterial3D_cbxn2"]
albedo_color = Color(0.235294, 0.243137, 0.243137, 1)
metallic_specular = 0.0

[node name="game" type="Node3D" groups=["game"]]
transform = Transform3D(1, 0, 0, 0, 1, 0, 0, 0, 1, -0.0307441, 9.53674e-07, -0.00930977)
script = ExtResource("1_q3vln")

[node name="camera_gimbal" type="Node3D" parent="." groups=["camera_group"]]
transform = Transform3D(-0.192522, -0.1704, -0.966385, 0, 0.984808, -0.173648, 0.981293, -0.0334311, -0.189597, -2.68893, 0.902472, -7.81518)

[node name="inner_gimbal" type="Node3D" parent="camera_gimbal"]
transform = Transform3D(-1, 0, -8.74227e-08, 0, 0.999998, 0, 8.74228e-08, 0, -0.999999, 0, 5, -12)

[node name="camera" type="Camera3D" parent="camera_gimbal/inner_gimbal"]
transform = Transform3D(0.999997, -0.000164917, 0.00236834, 0.00017643, 0.99999, -0.00486163, -0.00236752, 0.00486203, 0.999986, 0, 0, 0)
current = true
fov = 70.0
script = ExtResource("2_4eduu")

[node name="car" parent="." instance=ExtResource("4_k84uo")]
transform = Transform3D(-0.165719, 0, -0.986173, 0, 1, 0, 0.986173, 0, -0.165719, 0.142195, 4.46294, -7.11139)
freeze = true
script = null

[node name="WorldEnvironment" type="WorldEnvironment" parent="." groups=["environment_group"]]
environment = SubResource("Environment_m3j2a")

[node name="sunlight_early" type="DirectionalLight3D" parent="WorldEnvironment" groups=["sunlight"]]
transform = Transform3D(1, 0, 0, 0, 0.393942, 0.919135, 0, -0.919135, 0.393942, 0, 39.4839, 25.889)
visible = false
light_color = Color(0.968627, 0.772549, 0.388235, 1)
light_energy = 2.053
shadow_enabled = true
shadow_bias = 10.0
shadow_opacity = 0.7
shadow_blur = 0.0
directional_shadow_mode = 0
sky_mode = 1

[node name="sunlight_midday" type="DirectionalLight3D" parent="WorldEnvironment" groups=["sunlight"]]
transform = Transform3D(1, 0, 0, 0, 0.393942, 0.919135, 0, -0.919135, 0.393942, 0, 53.8771, 7.02309)
visible = false
light_color = Color(0.933333, 0.815686, 0.611765, 1)
light_energy = 3.0
shadow_enabled = true
shadow_bias = 10.0
shadow_opacity = 0.7
shadow_blur = 0.0
directional_shadow_mode = 0
sky_mode = 1

[node name="sunlight_late" type="DirectionalLight3D" parent="WorldEnvironment" groups=["sunlight"]]
transform = Transform3D(1, 0, 0, 0, 0.894934, 0.446198, 0, -0.446198, 0.894934, 0.363464, 46.7119, -8.9461)
light_color = Color(0.992157, 0.619608, 0.403922, 1)
light_energy = 3.0
shadow_enabled = true
shadow_opacity = 0.7
shadow_blur = 0.0
directional_shadow_mode = 0
sky_mode = 1

[node name="sunlight_night" type="DirectionalLight3D" parent="WorldEnvironment" groups=["sunlight"]]
transform = Transform3D(1, 0, 0, 0, 0.781477, 0.623934, 0, -0.623934, 0.781477, 0, 39.1477, -25.2869)
visible = false
light_color = Color(0.160784, 0.270588, 0.27451, 1)
light_energy = 3.0
shadow_enabled = true
shadow_bias = 10.0
shadow_opacity = 0.7
shadow_blur = 0.0
directional_shadow_mode = 0
sky_mode = 1

[node name="MeshInstance3D" type="MeshInstance3D" parent="."]
transform = Transform3D(0.125808, 0, 0.0726486, 0, 0.182638, 0, -0.139807, 0, 0.0653741, 0.259688, 9.30143, -6.38746)
mesh = SubResource("BoxMesh_jpepo")

[node name="MeshInstance3D2" type="MeshInstance3D" parent="."]
transform = Transform3D(-0.66891, 0, -0.743343, 0, 1, 0, 0.743343, 0, -0.66891, -0.156825, -6.15479, -15.9021)
mesh = SubResource("BoxMesh_wk18o")
surface_material_override/0 = SubResource("StandardMaterial3D_cbxn2")
